60 259 289 325 349 428 467 545 608 631 728 782 793 1078 1093 1208 1229 1268 1331 1332 1401 1404 1498 1584 1616 1678 1693 1982 2018 2046 2049 2129 2145 2222 2231 2502 2729 2746 2813 3108 3142 3216 3254 3291 3493 3691 3749 3772 3809 3938 4023 4153 4177 4182 4197 4203 4216 4253 4262 4289 4305 4605 4686 5083 5165 5255 5267 5297 5609 5771 5807 5892 5942 6006 6008 6219 6250 6328 6338 6366  
141 222 337 352 381 471 591 632 640 709 710 894 997 1075 1161 1330 1376 1519 1580 1694 1738 1819 1824 1870 2119 2174 2308 2351 2386 2397 2409 2469 2485 2548 2676 3072 3087 3106 3224 3331 3522 3630 3643 3847 3967 4053 4067 4080 4203 4257 4510 4562 4645 4655 4702 4784 4804 4876 4948 5067 5095 5117 5140 5196 5212 5275 5287 5306 5549 5559 5566 5675 5746 5800 5936 6107 6128 6273 6362 6395  
14 391 456 472 611 705 775 798 1014 1032 1166 1251 1267 1371 1419 1574 1689 1834 1932 1951 1974 2040 2256 2291 2314 2327 2431 2458 2521 2645 2662 2708 2750 2892 2912 2924 2958 2972 3060 3078 3147 3217 3373 3415 3433 3540 3684 3704 3786 3807 3840 3924 4036 4048 4089 4175 4283 4329 4394 4442 4443 4504 4957 5055 5160 5202 5326 5366 5371 5597 5721 5791 5917 5945 6024 6076 6148 6149 6218 6292  
96 111 256 304 431 553 567 599 641 709 796 942 988 994 1093 1374 1451 1456 1643 1668 1685 1703 1729 1854 1945 2170 2381 2699 2768 2808 2815 2957 3047 3112 3140 3184 3259 3300 3355 3377 3394 3423 3430 3480 3669 3688 3750 3982 4018 4031 4038 4295 4405 4501 4566 4568 4701 4743 4788 4829 5185 5196 5289 5499 5523 5526 5597 5601 5679 5682 5700 5942 5955 5960 5967 6005 6052 6078 6262 6322  
33 299 424 616 658 734 968 985 1001 1143 1174 1216 1222 1464 1507 1576 1626 1645 1799 1953 2076 2338 2400 2486 2506 2678 2745 2794 2882 3010 3109 3293 3295 3318 3361 3419 3527 3639 3667 3737 3781 3803 3808 3849 3866 4084 4087 4447 4457 4776 4858 4917 4932 4962 4976 5014 5116 5187 5202 5207 5219 5243 5287 5322 5378 5397 5668 5691 5815 5879 5895 5920 5973 6031 6153 6175 6266 6294 6320 6380  
42 70 73 138 151 213 230 232 319 496 593 687 877 891 943 1107 1178 1270 1337 1479 1494 1549 1607 1763 1776 2102 2114 2184 2259 2280 2382 2707 2810 2939 2967 2970 3269 3300 3335 3394 3456 3651 3676 3709 3920 3973 3980 4014 4274 4358 4414 4447 4475 4559 4703 4743 4770 4788 4797 4813 5159 5177 5304 5354 5463 5501 5589 5606 5609 5614 5762 5853 5913 5924 6067 6131 6205 6261 6331 6357  
45 324 366 387 465 612 693 714 739 885 890 923 927 1005 1057 1180 1197 1217 1317 1319 1496 1525 1609 1626 1726 1739 2053 2266 2318 2363 2470 2542 2576 2655 2711 2729 2741 2795 2821 2935 3072 3128 3213 3451 3647 3797 3972 3998 4052 4255 4303 4395 4416 4567 4639 4723 4759 4869 4922 4968 5009 5107 5125 5150 5229 5259 5427 5453 5504 5547 5604 5653 5688 5718 5979 5986 5995 6031 6350 6376  
0 104 167 298 325 411 476 483 523 544 552 595 649 685 740 757 876 907 1017 1249 1317 1400 1467 1621 1689 1795 1836 1875 1881 2050 2217 2307 2322 2346 2423 2537 2569 2917 2975 3019 3076 3154 3204 3382 3384 3659 3720 3800 3899 3940 4134 4218 4245 4279 4366 4375 4470 4555 4593 4621 4624 4758 4825 4958 5007 5176 5294 5305 5339 5355 5380 5528 5546 5616 5774 5968 6067 6092 6181 6314  
105 295 373 443 499 655 669 774 798 819 1012 1121 1168 1194 1426 1544 1605 1754 1775 1908 2013 2032 2126 2156 2217 2333 2571 2714 2735 2738 2885 3016 3044 3151 3170 3303 3330 3421 3503 3515 3558 3612 3634 3652 3728 3815 4064 4132 4150 4152 4270 4421 4446 4474 4477 4551 4686 4754 4821 4866 4885 5102 5209 5361 5396 5408 5452 5516 5577 5685 5695 5696 5747 5923 5937 5973 6117 6148 6234 6324  
109 152 201 240 247 279 312 384 387 456 563 604 766 871 898 917 957 1014 1128 1251 1286 1372 1431 1474 1482 1560 1595 1738 1945 1972 2025 2053 2127 2255 2327 2460 2573 2678 2794 2809 2889 2912 2949 3043 3069 3446 3460 3487 3654 3712 3771 3874 3946 3952 4204 4239 4347 4503 4609 4732 4786 4920 5081 5413 5480 5765 5773 5790 5909 5941 5987 6048 6078 6094 6152 6168 6188 6213 6336 6390  
48 250 274 294 416 501 659 753 1006 1044 1108 1326 1761 1793 1843 2003 2035 2054 2234 2268 2334 2473 2499 2511 2529 2597 2636 2764 2805 2812 2933 2988 2998 3084 3129 3157 3169 3170 3361 3405 3506 3614 3685 3705 3827 3960 3979 4060 4067 4109 4193 4212 4230 4343 4356 4375 4377 4391 4427 4656 4775 4784 4837 4901 4987 5102 5362 5479 5518 5573 5674 5771 5860 5869 5922 5945 6012 6039 6192 6354  
4 151 194 217 227 266 324 361 376 387 629 797 815 943 1188 1220 1452 1476 1535 1653 1654 1832 1920 1969 1976 2067 2165 2399 2602 2626 2692 2804 2806 2810 2861 2908 2948 2991 3142 3213 3268 3302 3335 3361 3416 3583 3694 3741 3780 3806 3853 3962 4096 4105 4127 4155 4223 4335 4483 4584 4634 4669 4782 4810 4850 4925 5029 5071 5156 5434 5435 5488 5658 5708 5774 6019 6135 6227 6308 6376  
52 112 146 222 265 334 375 519 637 669 750 1063 1476 1595 1737 1783 1817 1833 1842 1985 1989 2043 2173 2179 2196 2242 2278 2392 2530 2657 2675 2681 3023 3046 3091 3238 3255 3325 3379 3521 3587 3725 3808 3816 3921 3923 3927 3972 4123 4185 4322 4411 4429 4625 4669 4807 4814 4950 4989 5053 5055 5232 5286 5357 5367 5533 5576 5604 5669 5709 5774 5833 5929 6019 6024 6052 6221 6226 6276 6295  
105 230 397 469 482 625 631 670 799 1032 1048 1196 1208 1220 1261 1791 1828 1871 1944 2139 2224 2231 2233 2440 2529 2569 2577 2689 2758 2785 2867 2875 2888 2892 2923 2937 2955 2995 3065 3112 3325 3341 3526 3619 3655 3717 3731 3767 3925 3998 4095 4096 4204 4260 4409 4417 4496 4504 4734 5023 5084 5113 5181 5185 5236 5289 5331 5361 5445 5598 5744 5924 6002 6088 6120 6146 6148 6185 6191 6273  
42 82 107 155 202 263 312 401 402 418 444 447 540 553 655 700 938 958 1011 1025 1099 1290 1291 1380 1424 1443 1498 1528 1566 1683 1877 1884 2038 2122 2165 2340 2347 2366 2588 2758 2910 2975 3039 3081 3103 3209 3213 3294 3371 3614 3639 3793 3905 4151 4202 4399 4441 4558 4639 4666 4703 4752 4818 4861 4907 4996 5009 5013 5071 5158 5248 5422 5464 5485 5556 5701 5880 6259 6275 6317  
33 133 278 315 345 358 413 456 460 582 923 987 1057 1194 1238 1405 1416 1438 1488 1513 1600 1647 1767 1784 1840 1970 2041 2049 2056 2143 2213 2221 2232 2264 2272 2319 2404 2456 2468 2508 2606 2657 2712 2750 2901 2981 2989 3022 3150 3187 3362 3508 4033 4077 4203 4239 4368 4448 4471 4505 4507 4611 4618 4720 4724 4746 4790 4950 5008 5018 5183 5330 5416 5562 5605 5805 5879 6035 6084 6256  
33 97 234 277 343 388 454 543 637 657 877 1177 1243 1359 1372 1438 1507 1539 1540 1631 1665 1692 1707 1768 1814 2001 2047 2121 2216 2461 2503 2508 2755 2793 2863 2879 3036 3101 3186 3328 3451 3564 3573 3574 3583 3650 3682 3714 3808 3857 4005 4016 4113 4253 4291 4351 4480 4624 4699 4707 4731 4743 4829 4916 5048 5397 5402 5426 5602 5604 5681 5748 5827 6052 6070 6157 6203 6276 6286 6300  
9 51 149 166 304 342 410 432 499 564 570 759 820 858 1058 1106 1371 1417 1511 1557 1707 1761 1857 1952 1970 2004 2439 2454 2556 2734 2746 2834 2856 2885 2904 2910 2944 3014 3119 3381 3432 3483 3516 3543 3598 3725 3895 3906 3923 3926 4131 4276 4285 4330 4389 4410 4426 4445 4550 4580 4696 4764 4839 5038 5044 5073 5123 5181 5304 5423 5438 5523 5740 5818 5964 5984 6135 6166 6190 6261  
20 27 30 140 249 290 324 389 465 554 734 801 877 904 927 1010 1025 1040 1117 1153 1321 1334 1457 1512 1513 1569 1752 1783 1788 2231 2337 2437 2585 2603 2938 2956 3056 3086 3100 3104 3166 3174 3266 3274 3301 3349 3361 3434 3528 3563 3709 3728 3775 3794 3953 3968 3986 4251 4290 4544 4582 4587 4606 4619 4771 4845 4889 4900 5100 5457 5564 5594 5954 5979 5993 6031 6091 6257 6282 6335  
56 124 147 333 432 494 886 894 1039 1097 1126 1171 1202 1254 1297 1341 1385 1480 1501 1535 1540 1581 1700 1750 1762 1769 1808 1960 1976 2082 2083 2346 2370 2547 2856 2890 2931 3028 3043 3056 3207 3231 3260 3341 3358 3642 3846 3867 3940 3974 4073 4089 4342 4464 4666 4791 4845 4922 5060 5122 5252 5308 5336 5339 5396 5452 5488 5526 5562 5568 5651 5732 5774 5888 5934 6078 6124 6244 6246 6397  
187 253 420 431 477 555 592 598 738 775 788 909 1005 1106 1219 1433 1455 1533 1944 1985 2024 2203 2275 2325 2395 2424 2486 2496 2512 2602 2613 2670 2769 2870 2882 2997 3406 3410 3467 3661 3731 3850 3921 3946 3998 4032 4037 4102 4151 4403 4585 4755 4757 4767 4792 4801 4814 4924 4958 4998 5072 5197 5202 5226 5278 5436 5462 5489 5562 5699 5736 5802 5806 5853 5891 6032 6079 6230 6300 6312  
4 108 201 291 327 418 570 600 697 800 1051 1259 1320 1344 1363 1415 1428 1449 1542 1603 1780 1798 1822 1993 2023 2110 2322 2398 2449 2453 2597 2607 2730 2779 2882 3008 3084 3121 3225 3313 3462 3698 3807 3939 4001 4095 4231 4404 4462 4572 4584 4685 4709 4768 4785 4835 4870 4877 5020 5062 5067 5134 5238 5332 5343 5407 5462 5489 5545 5603 5630 5697 5728 6042 6160 6181 6259 6278 6288 6332  
19 103 228 237 284 318 643 698 756 802 855 891 1112 1184 1388 1398 1586 1779 1994 2003 2006 2386 2570 2577 2583 2666 2693 2732 2787 2811 2840 2986 3037 3093 3148 3285 3301 3387 3449 3508 3597 3708 3723 3941 3972 4001 4060 4112 4156 4194 4214 4216 4357 4397 4399 4403 4578 4588 4602 4616 4619 4647 4677 4744 4760 4772 4775 4789 4821 5197 5223 5293 5329 5360 5470 5488 6172 6178 6247 6257  
25 176 208 244 294 312 504 563 567 588 658 861 878 1055 1109 1239 1249 1333 1366 1390 1418 1421 1788 1828 1916 1929 1938 2265 2398 2482 2493 2517 2910 2968 2991 3127 3170 3206 3354 3618 3687 3701 3793 3833 3892 3965 4063 4131 4325 4333 4503 4527 4564 4581 4680 4692 4696 4697 4748 4769 5044 5070 5084 5086 5109 5129 5160 5366 5409 5485 5522 5534 5667 5685 5730 5778 6047 6134 6207 6262  
176 178 239 447 465 527 669 774 780 782 1030 1039 1067 1097 1134 1231 1459 1505 1561 1627 1734 1899 1965 2043 2063 2164 2371 2380 2571 2747 3009 3039 3060 3103 3125 3373 3384 3400 3436 3461 3596 3669 3784 3801 3923 4122 4199 4259 4265 4299 4316 4384 4633 4665 4781 4803 4815 4837 4892 5106 5234 5302 5418 5469 5488 5508 5548 5554 5618 5651 5960 5984 6017 6058 6084 6139 6218 6245 6255 6372  
27 68 249 327 448 450 620 758 815 892 1175 1247 1312 1321 1406 1499 1512 1541 1605 1722 1887 1950 1955 1964 2009 2038 2110 2155 2213 2281 2380 2391 2406 2410 2465 2501 2528 2586 2784 2836 3080 3139 3168 3279 3299 3434 3511 3731 3763 3845 3861 3890 4045 4154 4310 4417 4581 4587 4740 4746 5010 5128 5177 5225 5352 5452 5544 5769 5819 5828 5992 6000 6002 6048 6092 6096 6178 6254 6304 6315  
54 61 77 113 121 181 225 321 356 632 780 852 884 904 908 1160 1224 1250 1251 1306 1393 1448 1541 1548 1554 1601 1733 1928 1993 2128 2248 2304 2433 2480 2487 2557 2605 2711 2832 2881 2901 2912 2981 3056 3139 3196 3212 3308 3316 3322 3351 3430 3538 3584 3645 3679 3733 3743 3747 3979 4080 4172 4215 4228 4290 4379 4553 4795 4808 5004 5078 5206 5346 5483 5617 5755 5945 6033 6269 6299  
11 18 175 213 243 286 333 355 457 508 572 607 628 674 736 816 877 1026 1143 1214 1240 1285 1311 1384 1484 1508 1542 1599 1634 1929 1961 1974 2091 2250 2283 2346 2467 2590 2599 2677 2679 2680 2818 2957 3119 3127 3229 3332 3353 3371 3950 3957 4014 4051 4114 4229 4507 4696 4715 4766 4847 4860 5013 5101 5102 5193 5281 5528 5536 5559 5873 5933 6016 6109 6133 6213 6289 6290 6293 6389  
276 320 446 486 550 558 632 822 912 920 922 954 1023 1043 1055 1081 1150 1258 1411 1450 1451 1453 1573 1603 1616 1626 1630 1734 1742 1761 1827 1887 1929 1998 2044 2063 2412 2473 2474 2685 2815 2817 2847 2933 2952 2959 3087 3096 3197 3217 3226 3314 3453 3549 3642 3747 3798 3921 3939 4220 4478 4538 4561 4764 5029 5066 5073 5139 5441 5490 5574 5606 5640 5798 5863 6057 6078 6113 6230 6311  
66 87 96 142 312 344 355 436 500 513 622 818 829 963 971 983 1105 1142 1155 1209 1233 1288 1317 1320 1353 1477 1541 1647 1653 1708 1749 1968 2066 2140 2279 2289 2462 2516 2598 2787 2958 2989 2999 3047 3121 3145 3151 3204 3249 3350 3542 3598 3850 3878 3881 3971 4214 4230 4351 4417 4428 4553 4619 4658 4799 4856 4992 5015 5114 5446 5481 5696 5885 5902 5923 6042 6102 6195 6221 6270  
7 9 56 99 440 648 730 736 781 845 875 1002 1011 1031 1145 1204 1235 1309 1320 1341 1522 1571 1591 1640 1875 2087 2185 2234 2263 2272 2352 2446 2615 2652 2680 2683 2734 2739 2781 2817 2823 2946 2962 3069 3221 3270 3330 3421 3472 3527 3624 3764 3788 3873 4044 4085 4287 4309 4342 4417 4442 4553 4655 4718 4734 4766 4954 5062 5149 5178 5217 5443 5667 5705 5809 5931 6010 6098 6161 6210  
78 94 232 323 499 519 644 737 868 879 895 945 1299 1397 1454 1506 1800 1878 1933 2068 2100 2108 2190 2285 2530 2628 2637 2689 2823 2851 2976 3005 3015 3203 3219 3282 3483 3491 3577 3651 3709 3726 3732 3800 3814 3903 3905 4033 4125 4143 4152 4165 4187 4484 4529 4543 4598 4600 4661 4670 4714 4716 4935 5004 5019 5039 5099 5154 5286 5371 5446 5456 5574 5613 5727 5765 6056 6188 6199 6208  
92 292 310 345 482 565 571 590 617 619 624 796 812 894 914 942 1010 1059 1070 1110 1111 1268 1329 1651 1828 1982 1993 1997 2100 2150 2151 2170 2252 2277 2313 2381 2481 2535 2777 2820 2855 2947 2951 3237 3352 3367 3465 3661 3755 3919 4006 4040 4127 4179 4370 4406 4470 4552 4570 4731 4808 5040 5055 5101 5222 5233 5242 5313 5503 5524 5533 5565 5575 5725 5909 5948 6123 6157 6248 6325  
22 120 147 211 271 401 442 547 565 585 709 798 803 1084 1089 1120 1277 1330 1549 1605 1634 1688 1717 1936 2222 2254 2329 2381 2457 2514 2523 2541 2582 2664 2683 2707 2727 2755 2758 2903 2976 3168 3221 3363 3478 3597 3714 3743 3785 3829 3911 3920 3925 3963 3965 4087 4107 4329 4382 4472 4476 4771 4821 4862 4990 5140 5157 5272 5481 5623 5645 5769 5913 5945 6006 6103 6108 6316 6327 6336  
83 105 164 427 518 556 620 704 946 949 967 1002 1116 1259 1287 1294 1324 1346 1424 1595 1598 1602 1674 1734 2024 2042 2199 2228 2232 2286 2315 2630 2715 2948 2958 3009 3087 3140 3176 3178 3189 3305 3527 3583 3610 3654 3667 3757 3949 4017 4059 4088 4097 4125 4128 4261 4356 4606 4615 4721 4775 4888 4904 5007 5023 5073 5182 5378 5568 5689 5774 5778 5932 5962 6016 6033 6076 6125 6190 6334  
49 99 109 224 262 263 319 347 350 359 397 503 671 744 853 889 948 1106 1130 1136 1229 1269 1374 1395 1404 1424 1463 1502 1750 2054 2177 2192 2305 2356 2427 2466 2492 2614 2682 2880 2920 3189 3212 3233 3306 3334 3348 3376 3439 3647 3750 3770 3835 3847 3978 4083 4263 4322 4336 4499 4684 5203 5289 5310 5454 5591 5616 5618 5645 5717 5724 5914 5919 5979 5984 5985 6042 6118 6244 6264  
150 386 578 617 627 705 803 903 1003 1052 1172 1183 1260 1279 1324 1404 1615 1695 1713 1720 1833 1835 1883 1912 1942 1966 1994 2016 2075 2079 2256 2340 2392 2398 2445 2477 2832 2838 2957 3107 3124 3191 3282 3397 3458 3568 3905 4025 4125 4129 4169 4348 4522 4537 4591 4700 4724 4762 4764 4958 5262 5284 5362 5431 5472 5550 5593 5603 5620 5714 5780 5868 5930 5932 6070 6072 6157 6218 6238 6340  
112 130 174 218 238 333 386 391 443 473 507 684 699 705 717 899 954 1109 1160 1174 1224 1747 1781 1844 2081 2233 2248 2313 2528 2556 2620 2659 2960 2967 2982 3023 3027 3038 3064 3106 3218 3463 3565 3698 3848 3853 3904 4050 4180 4213 4310 4369 4415 4447 4506 4659 4684 4809 4929 4960 5083 5164 5247 5390 5552 5563 5622 5634 5656 5670 5719 5837 5876 5939 5965 6045 6140 6196 6214 6342  
54 60 304 318 342 377 436 516 696 707 810 897 973 1007 1090 1100 1116 1176 1221 1323 1338 1350 1458 1463 1484 1511 1524 1777 1783 1869 1883 1977 2173 2209 2281 2422 2726 2787 2841 2913 3001 3135 3433 3450 3452 3543 3548 3595 3893 3949 3969 4009 4204 4218 4226 4289 4324 4335 4402 4479 4496 4723 4773 4793 4828 4907 5103 5295 5428 5468 5475 5481 5681 5732 5753 5783 5933 6030 6135 6182  
184 279 359 435 468 507 722 927 1066 1076 1128 1254 1351 1420 1442 1547 1580 1775 1812 1935 2044 2104 2316 2336 2480 2494 2518 2836 2838 2932 3096 3137 3149 3150 3157 3188 3244 3254 3289 3359 3433 3580 3758 3855 3881 3896 3917 3934 4063 4128 4281 4396 4422 4424 4465 4631 4642 4657 4663 4680 4759 4781 4835 4950 5025 5059 5137 5169 5194 5365 5390 5532 5593 5657 5827 5840 6027 6123 6168 6189  
5 7 223 251 254 258 318 520 600 618 939 1003 1026 1033 1111 1124 1172 1257 1410 1598 1629 1803 1825 1869 1893 2001 2016 2043 2281 2338 2633 2689 2712 2773 2891 2938 3003 3038 3307 3456 3460 3565 3567 3807 3835 3889 3981 4115 4130 4132 4248 4283 4394 4466 4565 4584 4653 4713 4974 5040 5350 5403 5409 5455 5539 5640 5655 5693 5714 5757 5836 5847 5868 5912 5913 6128 6164 6202 6236 6398  
87 454 738 858 909 930 935 989 1023 1036 1038 1257 1416 1483 1491 1541 1590 1677 1688 1728 1808 1813 1881 1902 1927 1929 1950 2013 2039 2108 2236 2280 2442 2783 2829 2839 2879 3066 3106 3124 3224 3288 3307 3364 3550 3582 3606 3619 3901 4145 4150 4155 4160 4282 4292 4309 4349 4394 4478 4495 4532 4706 4742 4812 4844 4856 5062 5123 5175 5223 5228 5490 5647 5853 5874 5900 5902 6024 6121 6214  
4 56 93 187 194 210 271 309 523 629 653 809 897 1096 1359 1477 1505 1539 1605 1793 1831 1896 1942 1986 2090 2202 2217 2320 2380 2388 2457 2469 2624 2695 2747 2789 3219 3322 3324 3340 3432 3450 3480 3499 3590 3595 3674 3716 3793 3875 3962 4055 4146 4184 4198 4305 4338 4480 4514 4623 4677 4757 4776 4843 4844 4906 5142 5295 5328 5463 5525 5617 5639 5735 5784 5912 6006 6010 6287 6355  
58 107 217 306 365 586 606 840 1001 1079 1146 1170 1182 1183 1237 1418 1558 1656 1720 1763 1836 2032 2049 2164 2180 2184 2225 2315 2413 2458 2473 2519 2552 2577 2608 2690 3013 3165 3287 3342 3347 3420 3443 3463 3466 4122 4171 4241 4291 4323 4336 4438 4470 4669 4775 4776 4785 4902 4996 4997 5010 5015 5173 5229 5231 5233 5241 5339 5345 5488 5544 5570 5571 5633 5672 5742 5946 5980 6131 6342  
66 75 134 255 260 375 483 536 635 659 693 745 808 821 925 950 996 1097 1101 1433 1443 1449 1540 1773 1884 1956 2174 2327 2341 2396 2466 2491 2571 2585 2597 2665 2780 2820 2922 3016 3106 3343 3479 3528 3570 3616 3732 3735 3737 3749 3782 3839 4136 4159 4256 4314 4493 4607 4757 4935 4956 5070 5121 5146 5180 5196 5216 5286 5324 5342 5346 5432 5488 5566 5599 5651 5967 6051 6356 6378  
204 210 315 344 538 540 566 569 674 704 876 922 1077 1078 1085 1171 1298 1302 1351 1385 1481 1502 1561 1655 1709 1783 2046 2146 2194 2200 2217 2324 2384 2575 2696 3061 3209 3272 3358 3427 3446 3509 3568 3570 3713 3747 3771 3893 3905 4032 4100 4102 4116 4205 4371 4486 4568 4569 4603 4711 4760 5105 5213 5260 5436 5480 5639 5726 5728 5745 5803 5890 6074 6107 6119 6202 6237 6274 6309 6386  
24 113 175 326 403 511 533 611 628 635 760 798 871 955 1156 1267 1287 1309 1450 1578 1625 1676 1855 1884 1944 2086 2296 2349 2350 2391 2417 2473 2511 2699 2724 2879 2963 2988 3112 3173 3185 3279 3403 3421 3461 3609 3764 3890 3947 3987 4120 4193 4201 4208 4237 4288 4386 4435 4678 4832 4855 4903 5212 5226 5248 5449 5473 5484 5553 5558 5735 5785 5833 6082 6125 6168 6174 6260 6385 6397  
48 60 227 270 358 405 423 475 503 506 561 651 728 778 947 957 1020 1211 1230 1256 1280 1353 1359 1387 1390 1395 1461 1872 2044 2110 2122 2151 2299 2314 2539 2618 2660 2675 2803 2804 2924 2945 2958 2978 3063 3132 3178 3357 3418 3430 3488 3514 3776 3807 3840 3882 3894 4053 4153 4199 4322 4346 4369 4384 4403 4513 4580 4848 4996 5558 5614 5619 5786 5818 5863 5922 5934 5959 5999 6338  
140 198 248 282 351 398 405 519 565 673 705 760 880 1005 1147 1417 1470 1535 1552 1553 1633 1641 1739 1799 1875 1954 2128 2166 2249 2282 2460 2608 2702 2722 2829 3064 3092 3170 3214 3289 3318 3402 3422 3442 3459 3509 3534 3543 3586 3734 3749 3778 3910 3975 4165 4264 4325 4337 4511 4547 4608 4691 4909 4957 5047 5193 5366 5417 5551 5587 5621 5914 6057 6087 6149 6189 6306 6322 6351 6382  
16 220 261 285 357 681 720 867 946 995 1030 1067 1139 1274 1352 1380 1383 1463 1497 1682 1736 1737 1810 1812 1825 1966 2000 2135 2170 2331 2398 2428 2531 2538 2558 2599 2800 2976 3020 3058 3080 3115 3221 3300 3371 3383 3496 3553 3585 3598 3603 3773 3924 3949 4036 4037 4203 4370 4387 4528 4534 4651 4725 4829 4879 4956 4969 4970 5036 5202 5740 5806 5831 5855 5876 5926 5934 6251 6321 6330  
49 56 98 122 171 244 363 364 365 502 647 662 672 721 802 914 934 940 1083 1243 1251 1344 1503 1531 1633 1787 1932 1956 1966 2009 2020 2141 2143 2258 2429 2557 2706 2819 2872 2992 3034 3151 3164 3186 3192 3442 3714 3736 4015 4186 4252 4404 4411 4649 4651 4701 4784 4886 4953 5004 5024 5107 5258 5282 5356 5400 5565 5658 5700 5794 5853 5930 6080 6148 6152 6190 6250 6345 6370 6384  
73 114 225 237 286 288 323 386 438 454 464 672 841 847 899 927 944 1129 1232 1295 1331 1563 1665 1720 1721 1728 1763 1989 2041 2085 2133 2254 2269 2315 2454 2456 2522 2735 2812 2863 2996 3021 3036 3112 3171 3435 3436 3444 3591 3969 4034 4099 4152 4393 4400 4573 4590 4601 4603 4608 4720 5105 5115 5154 5240 5364 5408 5423 5464 5498 5551 5738 5812 5927 6018 6159 6215 6313 6343 6369  
120 169 297 493 506 531 562 588 615 802 808 824 921 991 1100 1605 1624 1710 1722 1741 2065 2299 2318 2339 2429 2522 2540 2586 2628 2871 2909 3042 3050 3230 3235 3239 3324 3430 3503 3513 3632 3804 3854 3895 4032 4131 4186 4251 4284 4290 4377 4390 4449 4451 4456 4511 4779 4875 4915 4923 5093 5155 5163 5208 5214 5477 5596 5622 5637 5644 5709 5746 5756 5879 5953 5983 6253 6261 6335 6358  
99 134 178 185 204 260 273 321 341 379 405 425 639 865 885 1034 1080 1284 1399 1423 1503 1520 1566 1614 1720 1758 1809 2102 2212 2366 2511 2544 2604 2680 2749 3108 3207 3218 3383 3529 3694 3759 3770 3846 3848 3852 3971 4154 4189 4232 4237 4293 4341 4373 4383 4562 4578 4623 4657 4766 4795 4840 4870 4895 4913 4915 5021 5093 5348 5487 5522 5591 5630 5632 5756 5782 5907 5992 6222 6327  
112 135 202 214 318 387 443 459 559 612 618 643 818 889 914 936 1066 1087 1094 1214 1312 1420 1558 1714 1738 1813 1850 1865 2084 2159 2300 2308 2409 2452 2587 2642 2664 2763 2849 2856 3160 3235 3296 3321 3424 3447 3659 3741 3796 3835 3864 4318 4590 4651 4741 4758 4849 5040 5123 5131 5195 5357 5445 5494 5498 5567 5637 5715 5732 5777 5801 5804 5817 5878 5920 6016 6091 6152 6222 6348  
83 236 277 290 406 430 442 456 509 645 679 732 747 964 1101 1158 1424 1426 1465 1471 1498 1570 1871 1877 2066 2075 2122 2145 2182 2392 2425 2526 2582 2640 2713 2809 2975 3023 3070 3130 3140 3328 3450 3472 3487 3537 3707 3710 3799 3916 3944 3947 4055 4056 4093 4200 4246 4316 4336 4804 4897 4960 4983 5001 5106 5146 5259 5285 5330 5410 5447 5496 5615 5667 5684 5753 5879 6008 6274 6368  
5 273 338 447 463 467 512 623 753 829 846 886 984 985 1046 1162 1225 1292 1310 1395 1436 1637 1638 1668 1772 1814 2093 2103 2242 2361 2364 2483 2505 2507 2515 2628 2684 2966 2989 3216 3380 3382 3703 3791 3846 3879 4115 4195 4255 4414 4498 4576 4614 4679 4827 4829 4833 4918 4920 5018 5056 5145 5164 5244 5302 5600 5628 5666 5677 5800 5849 5854 5866 5978 6030 6149 6214 6253 6363 6366  
15 52 211 231 252 771 968 1018 1024 1034 1241 1264 1453 1520 1541 1618 1625 1850 1886 1994 1997 2002 2026 2109 2163 2178 2384 2478 2509 2674 2735 2841 2904 3041 3168 3375 3378 3379 3469 3634 3702 3784 3813 3821 3928 4030 4054 4115 4139 4457 4613 4659 4697 4813 4869 4951 4965 5161 5211 5244 5246 5292 5309 5442 5556 5715 5744 5768 5863 5938 6042 6082 6084 6132 6154 6199 6219 6223 6244 6288  
190 216 261 525 562 700 852 878 910 938 1053 1270 1314 1321 1503 1559 1563 1653 1680 1714 1769 1777 2194 2225 2230 2245 2286 2390 2614 2767 2860 2996 3132 3170 3304 3333 3391 3517 3650 3695 3723 3767 3796 4047 4071 4130 4262 4342 4354 4472 4637 4674 4710 4788 5003 5192 5279 5306 5331 5371 5434 5468 5503 5544 5567 5595 5598 5635 5673 5738 5762 5895 5919 5921 5985 6060 6111 6223 6291 6399  
43 134 158 349 423 425 557 629 770 807 893 1018 1139 1161 1477 1513 1774 1796 1835 2021 2045 2151 2241 2259 2278 2280 2296 2377 2406 2452 2510 2520 2597 2727 2812 2928 3014 3165 3221 3263 3274 3383 3525 3556 3603 3752 3754 3902 3961 4082 4125 4277 4373 4393 4514 4599 4612 4700 4726 4843 4847 4889 4950 5051 5201 5253 5357 5428 5538 5580 5600 5642 5646 5667 5847 5948 5980 6050 6206 6272  
6 44 52 97 118 560 669 697 700 971 1133 1239 1277 1389 1445 1460 1559 1650 1708 1741 1771 1848 1882 1925 1937 2064 2065 2124 2186 2187 2223 2285 2358 2516 2567 2890 2901 3038 3069 3144 3145 3334 3368 3410 3450 3601 3634 3669 3675 3753 3818 3845 3864 3891 3898 4006 4041 4060 4126 4271 4547 4619 4673 4819 5008 5036 5039 5056 5289 5333 5463 5518 5525 5598 5689 5714 5802 5939 5983 6200  
39 120 484 538 608 625 708 724 749 775 797 838 899 922 972 986 1018 1123 1199 1310 1351 1388 1430 1671 1710 1718 1785 1811 1816 1879 1940 2152 2178 2223 2301 2534 2662 2781 2832 2896 3088 3185 3634 3644 3748 3767 3838 3889 3906 3910 3934 3946 3967 4012 4441 4530 4534 4598 4673 4675 4713 4830 4889 5163 5167 5249 5267 5410 5481 5627 5703 5836 5868 5943 6006 6048 6051 6165 6249 6255  
17 38 45 48 182 236 320 351 377 854 909 948 982 983 1028 1032 1344 1394 1507 1596 1690 1722 1943 1958 2126 2156 2162 2617 2869 3046 3136 3146 3306 3337 3625 3700 3716 3745 3782 3840 3867 3930 3956 4043 4098 4138 4155 4165 4168 4211 4273 4283 4292 4456 4487 4498 4636 4721 4786 4805 5119 5458 5541 5553 5589 5606 5654 5755 5761 5765 5876 5896 5937 5977 6005 6012 6032 6084 6297 6356  
25 239 272 347 492 568 593 613 705 830 858 907 974 1010 1016 1043 1082 1169 1708 1874 1943 1990 2207 2255 2284 2306 2593 2602 2672 2868 2911 2960 2964 3027 3106 3159 3255 3401 3472 3645 3749 3834 3873 3956 4154 4219 4249 4504 4544 4617 4704 4737 4847 4849 4913 4922 5055 5093 5123 5219 5557 5613 5664 5766 5774 5784 5785 5789 5802 5806 5836 5976 6147 6226 6230 6242 6263 6284 6315 6353  
18 75 216 371 407 422 557 589 605 641 789 844 850 885 1010 1016 1057 1112 1158 1174 1724 1858 2105 2137 2221 2228 2311 2324 2339 2363 2402 2636 2648 2663 2725 2744 2852 2910 2972 3371 3412 3519 3621 3676 3680 3751 3858 4049 4081 4173 4177 4382 4441 4498 4636 4813 4875 4917 4940 5012 5018 5082 5121 5122 5238 5304 5331 5349 5356 5441 5692 5784 5802 5810 5826 5981 6160 6206 6271 6272  
19 28 85 131 175 200 328 446 527 635 640 651 742 756 883 884 917 985 1006 1074 1087 1143 1145 1211 1416 1420 1442 1609 1612 1630 1759 1801 1854 1909 1992 2079 2318 2476 2525 2563 2693 2713 2854 2949 3010 3196 3717 3733 3768 3830 3904 3932 4036 4081 4111 4137 4141 4174 4193 4255 4302 4319 4410 4564 4909 4927 5045 5212 5232 5242 5321 5471 5515 5593 5602 5754 5978 6184 6295 6305  
22 36 107 173 218 348 413 488 515 562 605 653 870 993 1103 1227 1352 1398 1419 1446 1534 1600 1669 1687 1802 2085 2120 2162 2178 2348 2356 2389 2441 2459 2622 2814 2827 2898 2906 3020 3050 3079 3189 3239 3275 3334 3696 3757 3843 3925 3948 3973 4126 4149 4201 4241 4249 4467 4522 4735 4737 4769 4855 4991 5051 5083 5304 5405 5420 5422 5460 5589 5636 5772 5794 5805 5944 5979 6120 6256  
60 130 207 230 419 525 601 614 671 704 789 882 929 1018 1052 1106 1125 1135 1298 1461 1486 1495 1575 1605 1712 1882 2028 2178 2213 2314 2333 2440 2461 2487 2495 2556 2566 2746 3030 3081 3083 3094 3151 3203 3220 3364 3402 3440 3679 3864 4023 4046 4064 4242 4269 4297 4300 4361 4507 4567 4663 4784 5089 5194 5383 5444 5473 5547 5602 5844 5866 5881 5909 5912 5927 5949 5959 6054 6268 6354  
22 91 138 174 190 259 350 531 771 776 806 865 927 1143 1153 1180 1226 1265 1279 1281 1340 1345 1350 1351 1561 1783 1868 1989 2332 2338 2368 2388 2547 2573 2664 2704 2820 2861 3041 3192 3296 3443 3472 3674 3727 3758 3990 4032 4114 4140 4291 4326 4335 4356 4483 4489 4498 4516 4763 4946 5129 5150 5247 5317 5318 5378 5459 5480 5527 5547 5656 5898 5922 5943 5946 5990 6047 6099 6150 6272  
6 16 101 148 149 273 404 420 566 787 867 913 1099 1204 1274 1367 1417 1447 1586 1678 1680 1776 1783 1812 1921 2081 2116 2247 2274 2331 2429 2552 2649 2813 2927 3125 3134 3205 3235 3237 3289 3380 3435 3536 3602 3667 3895 3959 3975 4017 4036 4081 4108 4131 4166 4233 4299 4563 4617 4703 4748 4760 4839 5060 5091 5112 5153 5160 5208 5294 5429 5686 5726 5746 5797 5812 5937 6003 6017 6240  
270 460 471 681 755 782 1026 1067 1252 1297 1602 1757 1776 1785 1788 1896 1914 1954 1958 1975 1987 2040 2067 2092 2151 2217 2252 2270 2288 2523 2698 3031 3187 3217 3239 3419 3470 3483 3513 3711 3895 3922 3927 4081 4088 4107 4188 4207 4270 4283 4307 4318 4320 4330 4359 4438 4875 5006 5066 5068 5124 5152 5167 5196 5210 5536 5598 5638 5643 5675 5716 5770 5782 5878 5981 6097 6248 6265 6286 6300  
7 322 486 513 571 589 609 617 618 620 628 664 734 838 850 856 1031 1140 1187 1571 1576 1791 1823 1825 1963 2045 2086 2147 2214 2224 2312 2336 2486 2534 2584 2787 2815 2818 2902 2983 3185 3428 3541 3564 3610 3774 3798 3853 4040 4061 4171 4216 4576 4792 4802 4826 4846 4877 5221 5234 5276 5283 5426 5453 5575 5610 5626 5628 5671 5718 5904 5946 6066 6135 6200 6207 6214 6224 6230 6358  
87 88 107 148 195 210 524 528 598 696 716 845 858 945 1002 1331 1479 1494 1540 1621 1636 1768 1878 2036 2250 2284 2331 2544 2599 2665 2682 2747 2858 2952 2995 3062 3112 3141 3159 3371 3448 3675 3825 3885 4045 4448 4520 4539 4542 4600 4631 4650 4760 4772 4793 4876 4901 4927 4973 4996 5041 5161 5230 5247 5310 5389 5461 5632 5664 5705 5711 5723 5854 5958 6068 6072 6148 6175 6183 6329  
183 230 257 273 332 344 408 421 494 664 676 765 971 992 1235 1239 1311 1679 1774 1838 2101 2130 2147 2180 2289 2490 2554 2597 2619 2621 2671 2740 2747 2756 2893 2946 2993 3011 3057 3157 3206 3220 3292 3350 3362 3418 3457 3494 3503 3564 3727 3761 3839 3875 4042 4083 4281 4366 4449 4561 4585 4724 4816 4876 4987 5052 5154 5214 5253 5575 5583 5627 5743 5806 5872 5937 6095 6285 6362 6388  
57 263 292 294 296 394 409 410 426 485 552 748 864 877 887 969 1056 1203 1242 1258 1335 1353 1408 1428 1451 1476 1530 1602 1634 1810 1881 1926 2098 2125 2173 2182 2192 2261 2282 2443 2477 2574 2660 2899 2941 2953 3149 3150 3215 3217 3427 3485 3541 3602 3847 3878 3888 4131 4152 4573 4761 4845 4949 4987 5007 5213 5363 5421 5424 5456 5550 5562 5586 5746 5868 5994 6009 6107 6109 6184  
28 34 119 138 262 269 345 411 412 465 489 536 553 594 609 684 772 864 1033 1053 1137 1357 1473 1534 1557 1812 1921 2138 2155 2159 2163 2167 2210 2270 2299 2338 2361 2453 2476 2555 2588 2596 2804 2831 2933 2968 3035 3107 3135 3138 3327 3396 3407 3432 3439 3454 3499 3628 3742 3956 4083 4345 4378 4502 4544 4640 4722 4736 4741 4781 5164 5230 5313 5374 5530 5629 5882 5910 5913 5963  
38 121 128 222 294 356 600 744 752 839 1001 1091 1215 1386 1388 1452 1612 1666 1798 2087 2114 2168 2219 2351 2416 2435 2491 2577 2638 2749 2877 2908 2916 2948 2996 3125 3208 3377 3383 3504 3605 3626 3810 3851 3894 3897 3982 4153 4154 4200 4209 4334 4335 4428 4629 4633 4672 4743 4808 4917 5002 5033 5180 5352 5356 5418 5655 5666 5798 5836 5839 5889 5893 5936 6006 6042 6130 6215 6257 6285  
2 85 167 182 226 279 378 559 643 705 751 828 872 970 1183 1275 1387 1417 1441 1662 1856 1912 1946 2012 2107 2115 2189 2205 2216 2231 2328 2409 2420 2573 2828 2867 2973 3002 3012 3027 3039 3085 3207 3227 3348 3363 3368 3485 3905 4012 4028 4170 4197 4205 4318 4434 4437 4441 4491 4523 4616 4789 4850 4937 4978 5205 5298 5341 5457 5458 5543 5641 5707 5743 5862 5920 6076 6266 6277 6362  
31 106 249 265 271 320 321 562 620 632 797 955 958 1057 1187 1307 1347 1348 1545 1585 1608 1741 1750 1875 1994 2119 2229 2329 2462 2656 2683 2812 2821 2982 3010 3139 3208 3349 3388 3485 3625 3649 3656 3698 3746 3875 4215 4260 4402 4465 4598 4623 4691 4715 4879 4970 5028 5048 5128 5180 5283 5320 5356 5420 5531 5553 5565 5716 5720 5850 5867 5879 5999 6075 6087 6153 6243 6257 6366 6391  
54 352 556 628 754 771 773 807 1077 1112 1250 1324 1390 1437 1487 1567 1623 1662 1673 1697 1751 1753 1775 1792 1879 2032 2046 2071 2091 2286 2356 2742 2802 2822 2891 2958 2971 3009 3056 3098 3118 3179 3258 3395 3457 3492 3560 3631 3657 3677 3704 4013 4078 4124 4157 4250 4258 4307 4337 4344 4415 4497 4579 4625 4693 4748 4765 5160 5211 5336 5363 5443 5833 5927 5928 5948 5991 6138 6257 6310  
