89 122 142 226 231 280 322 368 448 480 535 549 583 607 618 633 667 712 726 836 890 902 960 1007 1428 1429 1457 1507 1515 1531 1560 1696 1713 1741 1744 1923 2300 2401 2424 2427 2520 2533 2546 2577 2621 2646 2680 2688 2721 2746 2799 2887 2962 2982 3006  
1 158 183 265 404 438 462 478 544 578 628 630 668 711 764 784 811 887 1042 1074 1100 1181 1211 1236 1270 1292 1304 1308 1361 1374 1518 1648 1663 1735 1789 1895 2032 2108 2258 2312 2317 2409 2411 2434 2490 2544 2691 2698 2714 2778 2962 2989 2993 3011 3021  
8 23 130 194 203 212 267 278 284 297 537 576 648 699 737 767 779 859 918 962 1010 1079 1145 1177 1233 1278 1313 1314 1350 1390 1439 1467 1538 1553 1604 1672 1790 1891 1901 2062 2100 2192 2262 2432 2434 2486 2518 2580 2635 2694 2723 2799 2831 2954 3010  
58 108 124 130 468 478 509 525 543 553 556 604 625 640 695 776 780 843 870 956 1080 1129 1137 1238 1355 1368 1381 1424 1612 1613 1638 1681 1686 1687 1703 1751 1821 1894 1957 2031 2038 2108 2112 2242 2247 2340 2389 2444 2455 2525 2549 2637 2719 2774 2947  
11 33 105 130 375 386 453 460 505 560 580 623 624 676 681 683 690 850 1048 1119 1127 1156 1172 1180 1200 1203 1285 1360 1373 1496 1550 1638 1664 1868 1913 1929 1936 1982 2032 2088 2104 2195 2202 2311 2349 2469 2511 2515 2530 2535 2683 2695 2785 2922 2929  
39 42 123 146 147 223 256 298 304 341 419 447 450 480 541 547 704 845 868 884 944 984 996 998 1023 1249 1337 1422 1456 1530 1543 1602 1621 1671 1722 1735 1824 1854 1949 2036 2040 2067 2199 2303 2459 2467 2537 2541 2559 2698 2727 2760 2844 2900 2920  
63 80 95 180 250 288 302 429 438 467 520 589 619 642 667 670 673 748 775 809 856 903 1064 1097 1120 1175 1215 1303 1351 1462 1542 1576 1579 1631 1680 1746 1765 1775 1895 1944 1951 2096 2170 2407 2515 2521 2532 2543 2611 2613 2620 2721 2897 2932 3019  
58 125 127 133 147 264 325 457 512 535 744 801 923 928 1027 1122 1128 1214 1218 1271 1507 1540 1561 1624 1740 1835 1862 1896 1947 1969 1971 2029 2055 2081 2217 2251 2269 2301 2392 2434 2435 2467 2533 2535 2562 2591 2593 2634 2684 2715 2856 2923 2932 2938 2957  
63 179 255 281 327 434 438 482 486 622 649 657 663 688 702 851 854 941 951 952 1076 1131 1182 1183 1229 1261 1404 1442 1466 1476 1513 1572 1635 1688 1708 1766 1857 2046 2063 2194 2240 2272 2282 2342 2388 2444 2479 2511 2657 2682 2730 2862 2897 2958 2997  
67 126 130 226 253 292 297 392 406 450 519 523 543 577 579 662 761 798 1035 1045 1120 1135 1214 1251 1259 1268 1364 1415 1435 1541 1587 1781 1784 1803 1809 1882 1961 2036 2061 2112 2119 2175 2426 2527 2621 2646 2697 2698 2743 2804 2825 2854 2871 2914 2933  
47 75 78 133 160 179 254 255 298 360 507 516 636 709 779 1010 1057 1110 1144 1263 1284 1293 1347 1353 1360 1422 1436 1516 1521 1551 1680 1777 1792 1799 1888 1890 1911 1916 1929 2042 2056 2277 2287 2326 2395 2407 2563 2608 2621 2677 2696 2785 2787 2808 2905  
48 174 206 220 264 281 305 307 422 517 610 784 823 826 838 865 890 902 952 1032 1044 1051 1125 1182 1243 1247 1307 1335 1341 1352 1373 1585 1651 1680 1695 1698 1702 1723 1809 1830 1917 1965 2023 2061 2081 2150 2159 2172 2237 2577 2675 2801 2921 2931 2951  
139 213 324 360 365 388 389 530 588 661 737 759 764 852 971 1035 1114 1199 1224 1278 1355 1375 1389 1391 1457 1535 1537 1581 1730 1771 1867 2013 2057 2110 2144 2171 2474 2526 2568 2580 2606 2634 2637 2652 2658 2672 2680 2714 2836 2883 2963 2964 2980 3009 3022  
92 107 184 336 357 386 393 464 474 620 716 731 894 938 942 959 1020 1027 1084 1094 1098 1302 1346 1353 1421 1453 1457 1469 1482 1567 1576 1744 1757 1786 1827 1868 1912 1926 1935 2021 2218 2257 2286 2352 2365 2375 2422 2447 2493 2505 2518 2587 2665 2803 2892  
21 99 215 252 330 386 451 535 580 587 625 637 692 910 959 971 1065 1099 1227 1250 1313 1381 1392 1425 1438 1601 1734 1771 1773 1783 1809 1896 1942 2071 2093 2128 2152 2164 2190 2208 2305 2306 2319 2432 2434 2460 2463 2512 2598 2637 2660 2802 2901 2921 2982  
57 105 128 165 193 196 240 366 497 588 702 791 953 1039 1123 1173 1182 1196 1218 1248 1305 1585 1632 1641 1698 1732 1747 1773 1804 1869 1972 1986 2055 2114 2141 2194 2212 2245 2285 2326 2364 2474 2476 2496 2512 2566 2574 2797 2808 2814 2844 2863 2864 2941 3013  
20 87 217 346 347 432 455 487 501 688 702 757 772 822 842 908 926 964 1008 1045 1052 1154 1159 1241 1256 1370 1413 1434 1480 1514 1552 1601 1893 2004 2071 2089 2096 2137 2164 2261 2263 2413 2435 2454 2476 2545 2707 2712 2729 2880 2889 2908 2919 2926 3022  
72 97 148 328 347 400 423 502 606 632 655 750 755 844 950 971 1069 1074 1088 1145 1148 1150 1368 1463 1495 1585 1643 1691 1705 1715 1738 1765 1830 1927 1935 1992 2052 2078 2148 2190 2204 2272 2384 2454 2466 2476 2491 2588 2614 2643 2656 2743 2827 2994 3014  
3 120 197 207 235 237 290 307 341 394 403 468 510 637 663 772 1021 1044 1071 1148 1164 1255 1261 1285 1337 1462 1504 1656 1666 1674 1689 1723 1756 1803 1906 1916 2026 2098 2224 2228 2299 2392 2634 2665 2726 2767 2863 2865 2901 2903 2966 2992 3001 3007 3022  
24 51 61 97 143 149 336 439 447 491 539 605 649 802 807 857 864 904 959 1032 1069 1170 1373 1391 1394 1434 1545 1693 1727 1765 1768 1794 1798 1934 2023 2082 2144 2152 2162 2203 2307 2383 2472 2508 2513 2528 2581 2637 2652 2655 2696 2746 2784 2868 2913  
21 68 166 180 235 327 344 393 413 438 486 603 633 650 875 931 987 1113 1172 1278 1375 1393 1508 1515 1598 1658 1666 1778 1796 1867 1880 1891 2050 2092 2154 2198 2200 2216 2474 2476 2520 2585 2641 2646 2697 2701 2717 2815 2874 2887 2903 2910 2919 2947 2951  
73 173 194 296 337 351 374 461 477 556 722 750 753 771 809 814 874 939 980 990 1172 1181 1245 1257 1514 1535 1549 1558 1581 1667 1742 1812 1837 2129 2137 2153 2237 2312 2330 2430 2440 2482 2517 2575 2784 2796 2802 2807 2836 2845 2846 2898 2913 2970 2994  
13 41 44 48 90 180 214 356 434 478 495 532 779 868 869 877 883 889 895 1055 1103 1154 1235 1254 1316 1425 1479 1517 1659 1766 1814 2079 2120 2162 2224 2232 2236 2248 2307 2311 2312 2373 2448 2469 2480 2533 2548 2591 2615 2648 2653 2680 2736 2897 2918  
94 96 101 143 396 478 505 587 701 702 834 918 957 967 1004 1013 1040 1089 1183 1228 1305 1376 1497 1508 1525 1535 1616 1675 1730 1770 1773 1786 1931 1945 1961 1966 2045 2059 2302 2339 2354 2442 2453 2461 2547 2618 2713 2726 2738 2768 2788 2809 2872 2937 2995  
116 147 148 261 288 387 424 435 473 592 650 669 786 836 869 936 999 1076 1086 1125 1146 1190 1303 1326 1349 1491 1602 1614 1653 1729 1865 1903 1923 2084 2172 2177 2211 2316 2320 2368 2395 2458 2554 2585 2647 2651 2655 2700 2705 2746 2795 2819 2824 2864 2914  
192 206 299 332 414 457 463 512 517 558 571 612 651 663 685 707 757 790 797 1018 1040 1122 1188 1305 1335 1430 1487 1605 1709 1771 1780 1840 1881 1930 1972 2017 2135 2147 2266 2337 2341 2402 2430 2455 2499 2503 2520 2646 2662 2710 2845 2890 2901 2902 2977  
33 63 86 95 134 261 362 400 413 469 480 522 528 558 560 593 797 837 857 922 1021 1100 1193 1254 1337 1402 1458 1482 1490 1496 1617 1620 1644 1674 1681 1795 1807 1824 1858 2034 2100 2110 2176 2217 2218 2280 2336 2379 2407 2478 2631 2892 2899 2901 2968  
16 28 39 77 95 118 141 201 205 239 295 345 544 546 560 606 611 777 882 923 934 967 998 1086 1153 1240 1249 1275 1276 1302 1416 1636 1844 1845 1913 2070 2119 2228 2321 2355 2443 2514 2588 2647 2653 2666 2691 2692 2706 2747 2878 2891 2916 2996 3013  
46 106 161 169 171 206 254 360 437 592 598 656 785 786 821 932 971 1019 1058 1063 1133 1187 1211 1318 1324 1384 1447 1454 1470 1498 1501 1515 1516 1582 1595 1714 1926 2210 2249 2365 2471 2494 2557 2586 2614 2663 2666 2678 2717 2718 2740 2813 2818 2870 2893  
8 28 152 237 284 293 396 446 467 498 549 663 793 886 954 1108 1133 1173 1206 1264 1315 1339 1406 1444 1463 1548 1584 1623 1710 1721 1729 1739 1766 1774 1778 1798 1858 1865 1964 1977 2063 2112 2122 2271 2364 2380 2512 2699 2769 2814 2859 2874 2988 2993 3018  
18 29 151 220 277 407 484 605 663 668 715 735 873 955 1054 1227 1251 1379 1575 1759 1820 1847 1967 1978 2031 2053 2067 2112 2121 2126 2129 2197 2211 2229 2281 2293 2340 2341 2411 2439 2507 2557 2561 2566 2611 2671 2737 2770 2796 2852 2885 2891 2896 2997 3014  
65 123 328 369 476 484 521 531 576 580 826 839 895 919 934 971 1041 1043 1049 1068 1109 1145 1149 1248 1381 1474 1495 1496 1570 1616 1663 1689 1699 1760 1829 1833 1838 1857 1860 1871 2060 2124 2172 2204 2324 2363 2377 2463 2468 2543 2660 2661 2878 2915 2975  
19 35 148 168 260 343 412 422 505 513 546 562 566 578 634 832 833 856 857 880 897 908 1021 1138 1226 1281 1287 1344 1396 1403 1515 1531 1639 1683 1887 1924 1929 1933 1955 2015 2127 2148 2157 2203 2327 2374 2389 2442 2458 2668 2735 2769 2786 2823 2862  
17 53 65 208 274 304 427 533 538 622 637 679 782 852 878 893 917 1066 1135 1143 1189 1278 1528 1594 1601 1640 1663 1689 1698 1730 1803 1817 1879 1889 1899 1958 2069 2076 2130 2218 2339 2348 2364 2373 2594 2680 2714 2746 2780 2824 2847 2870 2955 2961 2980  
47 75 160 216 249 366 514 534 649 694 704 747 895 978 988 1009 1080 1093 1186 1214 1350 1371 1417 1468 1495 1574 1670 1728 1753 1785 1953 1989 2037 2056 2086 2113 2141 2188 2258 2265 2274 2304 2323 2331 2339 2371 2397 2484 2676 2685 2709 2806 2863 2911 2954  
20 36 161 200 267 323 349 368 376 449 464 683 684 799 877 1009 1017 1028 1032 1036 1070 1079 1178 1238 1427 1556 1608 1626 1669 1720 1755 1765 1770 1790 1866 1890 1902 1912 1942 2023 2043 2044 2110 2134 2227 2228 2278 2289 2577 2731 2749 2751 2835 2864 2954  
1 25 44 58 60 135 157 476 518 688 690 822 864 918 935 955 992 1032 1076 1105 1115 1243 1350 1417 1462 1513 1606 1764 1775 1778 1786 1821 1835 1836 1877 1890 1901 2041 2099 2128 2172 2233 2291 2308 2397 2401 2407 2453 2748 2753 2783 2798 2808 2851 3024  
14 38 61 213 236 248 367 368 388 448 538 592 617 642 706 746 953 959 1011 1126 1150 1243 1275 1310 1328 1369 1463 1553 1614 1795 1831 2008 2024 2029 2061 2174 2189 2222 2247 2323 2337 2477 2489 2536 2546 2594 2706 2742 2770 2795 2825 2840 2867 2917 3012  
15 151 161 240 283 298 421 424 443 456 507 670 709 745 845 866 915 1017 1030 1092 1093 1349 1369 1412 1429 1570 1578 1584 1594 1695 1746 1915 1917 1990 2044 2065 2167 2232 2325 2389 2416 2484 2508 2528 2656 2678 2712 2725 2760 2790 2812 2858 2913 2923 2934  
0 85 86 147 152 215 294 388 410 496 535 620 627 655 658 702 864 984 1055 1148 1208 1247 1273 1275 1276 1278 1305 1366 1384 1395 1514 1554 1662 1710 1772 1896 1914 1988 1989 2052 2054 2083 2198 2222 2347 2384 2405 2589 2595 2607 2642 2699 2716 2748 2833  
94 157 195 196 298 305 334 373 462 709 845 1000 1078 1188 1224 1303 1369 1431 1432 1453 1476 1511 1645 1664 1739 1916 1922 1943 1953 1998 2042 2121 2140 2208 2333 2360 2544 2581 2586 2627 2628 2669 2686 2707 2737 2760 2832 2894 2911 2925 2933 2937 2962 2991 3017  
16 174 198 270 414 452 485 515 524 544 586 591 625 652 717 773 791 796 800 801 804 861 948 974 1126 1233 1338 1352 1394 1445 1455 1485 1554 1563 1628 1683 1686 1779 1792 1819 1840 2104 2267 2274 2296 2381 2489 2558 2794 2811 2872 2885 2983 3002 3019  
53 72 131 151 218 243 244 259 269 337 350 353 392 594 675 709 844 847 909 910 950 974 1120 1159 1193 1247 1277 1424 1450 1566 1593 1610 1641 1735 1849 1879 1946 1967 2096 2270 2302 2368 2394 2431 2537 2610 2668 2729 2749 2789 2875 2903 2958 2984 3022  
5 84 112 141 181 197 271 302 562 563 592 754 778 850 919 962 1056 1064 1084 1087 1539 1551 1604 1616 1630 1668 1865 1890 1901 2063 2080 2168 2175 2268 2359 2363 2400 2409 2413 2492 2498 2538 2543 2598 2621 2654 2791 2798 2846 2854 2880 2892 2906 2928 3020  
140 148 233 259 355 376 447 466 468 617 637 768 798 836 877 887 917 972 1067 1091 1112 1238 1336 1337 1359 1452 1455 1553 1589 1680 1794 1840 1938 1940 1987 1998 2061 2093 2192 2261 2263 2351 2381 2528 2591 2603 2624 2711 2741 2750 2823 2897 2902 2936 2996  
63 127 265 407 585 647 729 765 781 821 857 911 941 1015 1022 1101 1102 1160 1213 1290 1312 1417 1430 1502 1555 1589 1720 1726 1739 1904 1906 1937 1951 1959 1978 1990 2083 2095 2134 2227 2299 2345 2373 2410 2453 2484 2539 2550 2642 2643 2687 2756 2824 2911 2970  
4 9 25 42 69 85 143 182 311 361 474 494 495 533 573 636 821 913 956 963 1035 1040 1117 1157 1198 1278 1349 1410 1428 1460 1529 1584 1606 1640 1649 1650 1723 1784 1795 1887 2109 2112 2232 2250 2254 2279 2329 2383 2429 2445 2587 2622 2660 2952 3022  
79 173 193 209 246 270 373 390 445 636 818 841 882 888 899 956 1032 1048 1087 1148 1152 1174 1189 1206 1286 1337 1398 1482 1511 1625 1754 1794 1813 1845 1862 1892 1950 1956 2162 2231 2242 2280 2457 2482 2524 2525 2626 2641 2653 2673 2705 2789 2863 2950 3017  
33 131 157 228 280 297 302 321 446 472 519 534 648 693 694 778 793 895 1151 1172 1246 1268 1291 1355 1360 1462 1502 1550 1689 1740 1800 1909 1952 2012 2072 2096 2105 2115 2147 2175 2193 2354 2397 2406 2525 2718 2747 2751 2762 2802 2846 2856 2915 2916 3005  
5 47 154 183 194 220 237 244 270 289 290 401 428 449 462 615 792 876 891 945 1008 1056 1064 1108 1169 1193 1295 1303 1454 1584 1636 1664 1706 1769 1814 1822 1869 1939 2060 2123 2142 2167 2226 2286 2361 2435 2464 2514 2589 2591 2626 2745 2799 2939 3015  
8 37 84 168 237 240 281 285 354 365 394 453 530 574 615 712 805 860 930 1012 1044 1048 1072 1075 1200 1202 1213 1297 1455 1501 1505 1656 1694 1710 1738 1801 1825 1954 1977 2077 2112 2137 2197 2301 2327 2329 2342 2347 2627 2653 2682 2713 2927 2935 2962  
6 27 30 89 243 330 383 386 459 605 795 910 942 1038 1039 1048 1063 1098 1174 1214 1238 1250 1257 1337 1353 1371 1378 1396 1437 1443 1450 1476 1493 1553 1615 1643 1646 1789 2082 2101 2120 2142 2170 2207 2250 2318 2339 2551 2826 2885 2912 2913 2917 2918 2968  
39 64 71 74 360 387 426 525 570 595 618 676 693 733 803 858 926 936 944 950 1040 1114 1167 1184 1259 1318 1352 1362 1386 1531 1560 1684 1722 1815 1841 1886 1959 2071 2098 2198 2203 2319 2328 2443 2478 2482 2574 2681 2718 2864 2959 2965 2983 3011 3014  
34 83 95 142 166 171 334 348 378 399 428 452 513 522 527 562 588 627 689 695 713 733 765 1080 1102 1131 1289 1314 1337 1372 1381 1431 1591 1614 1630 1641 1890 1896 1967 1982 2054 2072 2179 2217 2277 2411 2503 2512 2522 2532 2554 2558 2582 2927 3001  
16 20 160 183 184 248 480 489 521 535 654 788 813 815 863 873 921 977 1071 1162 1352 1365 1376 1552 1578 1611 1688 1740 1755 1816 1922 1947 1956 2008 2059 2116 2157 2182 2183 2251 2294 2334 2361 2471 2519 2529 2580 2606 2639 2666 2686 2714 2717 2759 2827  
