52 134 162 165 185 199 225 288 323 337 388 400 410 436 443 490 504 506 523 530 579 622 654 702 756 764 769 824 883 895  
1 28 34 61 111 224 226 232 246 289 345 359 367 434 435 445 454 455 488 538 584 627 635 676 725 806 817 847 866 871  
28 36 46 116 120 129 192 226 237 284 319 330 381 391 448 455 483 484 486 541 615 641 654 689 727 734 745 762 764 766  
35 100 129 190 212 256 292 327 359 360 472 477 487 496 546 567 577 638 641 651 665 677 684 704 731 733 738 742 747 892  
12 61 87 122 218 308 316 338 339 355 390 428 429 526 534 551 562 564 593 601 682 730 765 786 788 807 811 859 870 875  
5 18 54 60 119 178 243 257 265 274 278 287 302 321 329 345 409 547 548 588 597 620 642 704 714 716 738 770 776 792  
13 31 37 49 95 116 117 216 218 219 233 282 286 325 364 371 398 404 550 558 662 705 718 728 786 811 825 840 857 861  
10 122 137 176 187 219 251 256 263 311 312 336 344 417 431 573 585 593 598 612 625 626 629 656 718 722 728 808 855 869  
100 110 149 187 217 229 259 270 288 304 306 339 397 405 412 423 426 438 462 492 498 531 647 655 700 715 813 822 835 881  
0 42 48 75 88 100 159 272 283 325 377 385 455 466 531 539 550 562 577 578 581 639 707 731 807 832 861 869 871 874  
4 53 63 98 231 243 251 278 332 347 379 441 453 477 484 492 541 551 562 575 604 665 674 680 706 712 720 738 745 778  
15 47 66 157 181 192 208 215 233 239 302 309 321 341 395 466 496 540 547 554 613 640 656 693 781 782 804 815 860 885  
95 123 126 156 164 182 223 246 288 325 329 367 428 434 469 477 512 520 533 548 557 603 612 697 717 728 782 806 844 898  
20 31 35 52 59 62 174 225 230 265 303 306 365 387 431 452 459 512 538 545 575 593 612 623 723 738 749 805 820 849  
56 97 134 161 179 186 242 377 429 471 483 487 490 498 516 543 561 576 587 604 614 702 723 725 786 805 850 858 869 895  
11 36 63 70 76 119 139 142 146 188 211 221 229 234 261 293 354 358 437 444 446 454 476 552 629 673 780 803 833 886  
2 6 32 37 43 139 141 162 183 246 266 335 339 347 540 559 565 566 574 581 593 599 628 673 685 719 752 808 831 885  
4 19 91 96 214 224 237 242 249 315 340 352 359 370 389 436 440 445 453 479 520 535 540 578 667 690 767 792 825 896  
4 80 85 96 98 128 212 287 351 369 388 389 393 441 454 514 515 551 563 564 658 674 695 751 753 760 769 792 805 855  
111 113 149 184 191 199 229 241 242 279 298 349 350 371 464 471 490 497 514 537 575 582 610 613 637 648 780 782 801 804  
42 47 56 62 73 89 107 130 192 257 268 329 356 382 415 467 569 577 590 605 608 686 708 712 733 737 749 759 850 853  
21 45 49 71 176 206 230 280 304 339 348 389 455 473 509 519 545 586 632 666 721 735 757 769 782 796 809 850 863 893  
9 27 32 49 109 173 178 180 190 216 249 253 285 301 346 382 385 394 460 510 529 531 605 610 656 661 721 774 876 896  
25 31 58 59 165 181 208 237 260 277 293 401 418 458 499 548 581 600 601 619 646 648 678 737 743 748 758 831 845 869  
131 183 195 204 211 223 233 244 249 287 293 304 308 314 408 457 545 574 599 634 653 670 675 723 782 793 805 887 890 895  
4 14 44 64 121 160 182 207 279 290 296 308 338 344 392 395 408 439 506 550 627 665 712 786 830 843 858 861 885 895  
40 140 175 184 250 329 372 401 468 476 483 485 541 615 630 643 743 748 755 761 762 801 802 817 835 853 856 858 876 878  
5 52 72 162 169 212 231 245 329 360 450 454 485 499 511 539 542 553 579 580 636 707 774 805 807 839 844 881 894 897  
20 26 84 136 171 172 182 205 237 248 334 341 368 393 482 486 487 544 551 633 650 679 690 742 743 744 770 785 799 866  
11 36 47 105 139 146 184 198 204 273 289 291 294 334 335 392 396 427 571 649 690 712 713 725 764 768 817 832 857 874  
