21 38 57 67 95 97 101 125 128 158 161 171 174 184 209  
9 24 31 32 43 116 132 152 155 169 171 175 176 195 212  
3 5 16 41 64 82 93 109 114 125 162 179 180 187 205  
9 36 59 81 85 90 119 125 136 157 172 179 193 197 208  
12 36 44 46 56 104 122 131 136 154 159 164 203 211 215  
11 59 69 82 85 109 138 142 160 172 182 200 201 213 220  
0 9 30 32 52 60 63 66 76 115 153 178 182 202 223  
36 43 49 54 59 89 93 106 119 128 141 150 188 196 218  
3 62 71 81 82 83 86 111 124 159 169 187 192 213 216  
1 33 35 41 51 55 60 73 115 117 128 148 185 203 213  
19 21 42 46 51 92 98 112 115 133 145 152 158 192 224  
0 13 37 40 70 83 99 142 147 159 175 178 183 184 188  
15 55 62 72 76 89 91 99 142 152 158 168 169 193 218  
1 13 20 26 72 80 85 93 101 108 120 121 140 203 204  
48 62 73 89 98 103 107 119 130 142 155 167 172 184 191  
