42 47 53 67 134 141 157 162 166 199 217 235 236 263 276 314 335 356 369 377  
16 30 46 53 62 122 127 140 175 190 199 241 253 267 274 275 304 363 364 369  
31 43 86 102 121 138 142 159 168 186 205 235 267 274 283 320 332 337 338 383  
15 17 23 37 73 89 90 133 198 228 229 244 281 289 310 333 343 357 370 384  
10 31 44 106 146 173 174 216 265 269 299 303 320 326 330 352 360 379 381 395  
87 99 100 152 169 171 175 195 199 234 253 276 283 284 320 328 352 375 383 396  
1 25 48 66 90 93 103 128 135 168 185 203 231 234 247 281 303 366 386 392  
22 40 89 101 104 108 129 138 157 180 188 189 233 249 268 325 334 335 372 385  
19 56 61 100 101 150 151 183 196 199 225 287 300 302 330 333 337 341 367 385  
53 56 110 138 141 151 157 179 224 229 258 263 278 291 303 319 324 328 333 363  
29 102 132 142 149 153 225 240 261 268 272 282 315 319 320 363 379 388 390 398  
11 35 50 90 92 102 114 120 121 123 148 149 151 221 227 229 278 301 361 388  
18 69 118 121 129 158 191 199 205 220 224 237 275 301 321 332 349 352 387 391  
16 32 64 85 99 113 116 117 136 190 220 224 252 255 287 321 334 354 363 365  
10 40 67 110 119 124 133 167 190 216 243 271 275 315 316 324 331 346 367 372  
15 42 81 86 120 143 146 164 168 189 197 244 251 293 295 328 333 341 359 374  
7 68 76 88 118 144 146 162 167 181 183 190 206 272 285 287 328 340 389 390  
3 36 55 63 72 92 100 103 112 125 129 138 196 265 272 276 288 346 368 371  
36 44 59 79 99 109 117 125 179 191 207 209 210 234 279 282 307 332 343 353  
1 4 27 58 64 81 86 112 116 141 145 188 208 223 227 268 292 319 361 393  
