35 89 118 128 166 219 314 368 435 450 455 523 543 558 568 581 629 653 692 721 779 796 821 828 1042 1047 1160 1209 1257 1264 1269 1270 1290 1292 1313 1320 1343 1360 1494 1523  
2 15 89 118 246 284 305 327 343 348 415 463 478 488 594 683 801 816 826 860 900 950 971 998 1000 1007 1042 1092 1099 1317 1347 1354 1431 1456 1472 1506 1513 1523 1564 1597  
88 223 234 267 270 301 302 318 402 407 424 430 533 543 558 590 687 811 828 884 921 965 988 989 1049 1086 1181 1212 1218 1229 1274 1314 1344 1350 1371 1451 1458 1464 1541 1543  
10 21 36 54 75 86 113 173 195 198 202 263 313 335 503 578 686 724 738 808 816 818 835 922 932 964 986 995 998 1009 1052 1163 1183 1225 1434 1440 1509 1578 1583 1594  
36 67 110 166 270 406 408 466 540 589 603 662 664 704 725 742 748 786 835 851 877 899 948 957 999 1008 1042 1060 1067 1151 1223 1235 1237 1286 1335 1418 1421 1437 1471 1519  
16 47 102 103 160 164 235 309 374 448 472 474 507 540 698 784 840 883 885 927 1027 1029 1034 1058 1073 1077 1099 1182 1227 1259 1272 1300 1304 1374 1386 1415 1422 1442 1524 1550  
57 63 83 86 143 161 183 193 202 230 298 315 389 411 460 482 512 553 573 629 717 806 837 855 896 924 927 928 1090 1144 1232 1268 1298 1332 1417 1431 1432 1532 1541 1584  
13 56 116 135 153 227 273 325 431 468 520 529 585 589 627 697 704 720 727 803 838 871 887 925 997 1043 1057 1091 1134 1147 1168 1240 1253 1256 1290 1336 1413 1435 1449 1526  
8 14 141 159 187 190 304 352 362 409 425 466 467 523 656 763 830 843 893 922 932 976 984 1036 1136 1142 1145 1166 1195 1271 1321 1325 1339 1340 1360 1396 1412 1466 1493 1531  
26 50 64 120 124 177 186 213 269 281 370 380 451 453 533 538 574 606 647 649 650 706 832 873 901 904 942 1029 1046 1220 1241 1330 1348 1402 1457 1468 1474 1518 1582 1594  
4 45 290 547 553 559 619 621 632 651 673 734 758 781 801 808 862 870 920 954 962 1068 1077 1085 1124 1129 1132 1137 1146 1150 1182 1218 1231 1244 1321 1340 1378 1421 1426 1533  
8 42 51 58 68 77 133 146 151 225 284 326 341 373 393 398 404 473 581 583 620 878 882 914 999 1005 1006 1018 1103 1112 1210 1230 1295 1321 1337 1413 1462 1478 1479 1594  
31 125 148 215 255 293 322 434 466 513 552 559 578 621 634 648 669 742 776 818 823 882 905 951 973 984 1015 1029 1035 1055 1127 1161 1259 1264 1273 1274 1279 1281 1524 1587  
5 79 93 179 195 202 262 321 356 386 398 461 548 560 583 768 775 812 870 880 887 902 904 912 942 982 1008 1022 1030 1056 1079 1107 1173 1211 1212 1338 1452 1484 1514 1534  
104 120 229 242 249 329 364 395 413 494 547 582 649 656 676 726 749 753 761 764 804 938 1005 1076 1105 1168 1191 1235 1259 1336 1346 1355 1369 1410 1489 1496 1512 1558 1579 1595  
5 29 78 133 260 293 314 328 334 341 348 364 366 410 472 525 543 545 589 638 783 832 841 843 850 881 888 1082 1125 1205 1224 1261 1302 1335 1361 1414 1421 1436 1558 1574  
74 226 298 313 341 363 369 385 475 564 643 732 768 868 885 903 923 939 970 1004 1047 1098 1124 1140 1174 1177 1181 1193 1196 1207 1220 1243 1248 1263 1362 1365 1498 1509 1538 1564  
5 86 109 125 152 154 161 187 200 217 268 270 353 455 478 500 516 647 656 671 677 704 720 750 752 759 926 928 953 973 1010 1014 1132 1147 1190 1282 1313 1367 1449 1529  
1 3 65 68 91 121 212 262 280 314 390 425 434 490 492 500 516 626 648 671 731 751 824 895 912 922 1003 1071 1154 1331 1333 1344 1390 1441 1449 1462 1483 1511 1526 1584  
74 88 128 171 189 195 217 273 308 396 434 526 537 550 554 557 576 595 655 662 708 868 935 936 940 962 967 982 992 995 998 1056 1224 1263 1273 1429 1443 1465 1510 1530  
15 22 110 135 221 235 237 241 334 338 435 514 545 568 654 675 676 697 863 907 965 1046 1091 1119 1149 1155 1157 1193 1221 1248 1280 1281 1377 1379 1448 1486 1491 1518 1578 1592  
12 34 47 82 209 247 319 376 515 518 520 563 581 606 685 765 798 812 835 875 893 895 957 985 988 992 1032 1037 1109 1114 1119 1163 1238 1317 1337 1423 1497 1506 1545 1570  
26 97 101 225 306 350 414 437 533 536 538 555 600 619 625 654 765 779 790 862 944 1038 1093 1095 1201 1235 1237 1248 1310 1318 1343 1385 1392 1430 1451 1465 1507 1571 1578 1579  
18 30 51 133 186 206 214 305 316 470 479 553 597 644 646 741 743 780 805 816 825 827 955 979 981 1145 1151 1161 1247 1271 1284 1361 1383 1388 1445 1480 1492 1497 1531 1555  
9 11 66 111 119 347 362 365 424 436 523 549 566 617 646 665 747 791 796 841 855 862 934 937 946 973 1007 1023 1039 1095 1139 1310 1375 1427 1443 1457 1458 1475 1515 1586  
16 46 76 151 167 173 179 200 233 263 295 357 391 407 415 468 605 648 669 703 711 732 760 777 797 919 1008 1035 1168 1209 1236 1253 1272 1329 1344 1400 1409 1425 1478 1528  
59 163 188 207 234 333 367 373 387 391 417 442 471 485 540 592 723 738 743 748 765 820 846 888 890 927 933 948 974 1018 1077 1106 1179 1270 1349 1401 1440 1502 1545 1594  
15 42 89 138 207 279 383 443 449 601 699 761 769 850 884 937 1043 1117 1120 1136 1150 1156 1158 1164 1230 1319 1331 1345 1389 1394 1398 1410 1419 1424 1459 1465 1523 1572 1584 1586  
48 65 145 158 193 203 242 307 335 338 358 423 433 489 502 585 613 616 656 661 678 720 756 869 900 905 934 1068 1096 1099 1116 1165 1166 1182 1207 1358 1470 1523 1545 1586  
6 23 55 58 108 160 256 296 410 426 432 448 460 475 533 640 672 687 691 708 725 771 800 818 833 835 880 964 979 1083 1125 1154 1176 1222 1301 1320 1391 1460 1465 1517  
104 130 153 159 166 173 223 244 294 299 353 355 379 439 492 601 651 753 755 795 857 872 908 929 961 973 1029 1047 1095 1105 1119 1171 1210 1355 1360 1401 1432 1465 1500 1598  
49 114 128 138 139 244 272 287 314 369 397 400 413 467 478 479 570 605 614 624 809 847 885 891 933 934 1034 1035 1043 1128 1155 1171 1188 1375 1450 1460 1479 1523 1573 1582  
9 11 13 64 70 131 241 287 289 291 337 354 369 383 423 445 449 600 647 699 869 873 935 994 1030 1065 1113 1126 1130 1147 1216 1334 1403 1422 1428 1437 1475 1530 1554 1576  
55 74 152 221 238 288 359 367 415 460 469 470 541 543 565 612 633 715 799 845 866 941 973 994 1031 1063 1085 1087 1097 1139 1246 1253 1275 1280 1303 1335 1362 1488 1495 1540  
0 64 114 121 158 188 276 300 391 412 433 485 536 550 563 622 628 649 651 748 759 770 813 828 872 927 943 993 997 1003 1017 1090 1092 1126 1176 1250 1409 1539 1548 1598  
17 52 94 100 103 109 193 216 444 473 500 561 590 769 798 804 806 833 860 871 920 923 937 977 986 998 1021 1043 1106 1127 1139 1194 1203 1207 1235 1238 1257 1353 1491 1515  
27 30 51 59 72 95 107 157 165 184 217 331 406 504 525 530 552 554 615 658 773 812 871 908 925 958 1005 1035 1096 1114 1155 1166 1182 1235 1313 1318 1350 1388 1502 1530  
2 52 93 94 95 110 114 182 217 221 283 291 316 451 579 592 597 617 690 715 720 857 858 890 905 942 953 959 970 984 1017 1095 1111 1161 1311 1333 1380 1394 1403 1535  
4 5 9 48 49 275 349 365 431 457 475 517 659 672 679 731 749 759 824 861 916 965 974 1018 1061 1094 1129 1144 1166 1320 1322 1328 1330 1408 1410 1419 1425 1487 1538 1574  
206 243 275 353 440 458 484 530 535 554 565 604 614 615 764 786 798 825 844 872 873 879 907 909 948 959 999 1043 1046 1069 1115 1217 1319 1345 1378 1424 1484 1490 1577 1578  
